50
14
30 96 67 31 64 3 57 28 72 98 24 80 32 14
59
8 3 11
7 3 91
4 12 76
5 3 78
3 1 41
2 11 60
2 13 15
10 6 39
8 7 19
2 3 46
5 10 28
4 5 96
7 11 10
8 10 3
9 4 64
8 14 31
3 6 71
11 12 90
10 12 36
13 7 65
3 7 33
13 10 87
7 2 67
13 14 85
5 4 1
10 3 32
11 6 3
12 13 39
3 11 97
13 12 72
12 8 43
12 3 21
1 4 50
2 1 71
7 10 61
8 11 67
5 7 7
7 4 56
14 5 84
14 2 85
1 13 91
1 14 21
5 12 31
5 9 93
9 14 44
2 5 40
12 11 57
11 10 91
9 8 17
2 8 16
9 12 65
14 10 50
6 2 2
5 2 28
4 6 27
6 7 5
11 2 38
11 13 69
10 5 27
2 5
4 3 10 7 9 14 1
18
80 5 79 17 99 6 76 38 64 35 87 54 85 27 24 17 84 3
15
2 15 23
12 5 88
11 17 69
6 8 19
10 6 50
13 10 9
11 4 73
8 15 27
9 7 3
5 18 6
6 15 82
17 1 70
14 15 60
1 12 81
7 4 60
15 3
18 14 7 15 17 16 11 5 13 12 4 9 10 6 2 8 1 3
2
42 53
0
0 2
2 1
16
96 51 49 60 66 61 77 30 74 96 3 60 36 93 51 76
26
9 16 80
12 1 74
1 6 21
3 8 48
16 10 91
11 10 92
13 10 54
7 15 28
10 7 88
8 15 92
15 1 50
10 12 72
7 12 63
3 15 76
10 14 37
7 9 58
9 5 8
5 12 54
1 3 40
12 9 9
8 5 0
6 8 38
3 4 68
11 9 42
16 7 70
11 3 26
11 4
5 15 3 11 4 13 16 10 7 1 12 14 8 9 6
13
1 45 74 35 19 66 13 82 57 69 2 92 54
37
11 8 43
2 3 47
2 11 47
4 12 80
6 9 51
4 11 72
8 7 46
3 9 13
9 12 22
12 1 66
8 5 54
10 8 39
7 9 7
5 13 30
3 5 50
2 13 93
11 9 92
1 6 57
9 4 31
4 3 3
5 12 94
13 12 33
2 4 16
1 12 8
1 4 65
11 7 96
8 13 45
10 7 49
10 11 92
3 10 94
4 6 95
9 1 50
1 3 38
8 6 96
7 2 87
8 9 63
8 12 19
5 8
4 13 8 10 1 6 5 12 2 9 7 3 11
4
4 96 16 67
3
2 4 90
3 4 56
1 4 61
0 4
1 3 4 2
17
62 48 45 0 76 1 49 92 20 52 30 10 27 20 18 67 92
45
12 13 74
12 1 33
4 15 76
5 13 19
13 11 33
8 17 86
6 2 35
15 17 87
4 7 33
7 15 26
2 10 52
8 6 19
4 13 54
5 11 11
4 3 13
5 10 68
16 4 79
13 1 45
10 9 79
3 6 0
13 6 90
11 2 61
12 5 89
12 9 93
8 9 61
2 12 5
3 16 83
2 5 18
15 1 85
11 7 9
13 17 25
8 16 27
14 10 27
5 2 33
10 2 90
1 13 64
7 5 28
15 2 93
9 13 52
14 16 72
14 6 13
5 3 81
2 16 42
13 12 76
1 3 65
3 4
11 10 1 17 13 9 5
6
28 0 8 48 33 26
14
4 1 78
4 6 64
6 3 92
1 4 57
6 5 49
5 3 86
6 1 12
3 1 43
5 1 52
4 3 97
6 2 60
5 2 38
2 4 54
2 5 88
0 4
6 5 4 3
7
43 38 46 93 80 1 5
12
6 2 95
6 4 50
6 1 94
4 3 67
5 3 36
7 5 20
3 7 97
7 3 55
4 2 67
2 7 6
6 7 44
5 2 0
1 5
6 5 7 4 3 2
9
54 40 88 21 48 79 71 7 3
19
8 9 21
9 6 97
6 3 31
8 6 65
4 5 6
6 8 31
8 2 81
3 2 30
7 2 3
3 1 24
7 4 83
9 8 67
3 9 93
9 1 8
1 6 36
6 7 17
9 7 99
3 6 33
7 9 68
3 6
6 3 8 2 4 9 1 5 7
4
8 48 43 25
4
3 2 92
1 2 18
4 1 95
3 1 17
1 2
1 2 3
14
99 95 66 32 57 10 77 65 29 34 25 13 85 72
54
8 6 60
2 1 98
3 14 43
12 10 81
14 1 31
11 4 82
12 3 14
4 6 92
7 3 78
1 10 63
6 3 65
6 7 50
3 10 72
13 9 3
11 2 67
14 12 23
3 8 98
8 7 84
9 13 98
4 9 78
5 4 78
8 11 81
11 6 53
7 12 9
3 12 76
14 7 99
2 14 98
2 7 21
10 5 26
12 2 92
14 6 26
5 11 31
13 5 50
6 11 65
10 11 59
7 11 67
7 10 50
13 1 54
4 14 7
5 1 74
8 5 20
2 3 98
7 6 82
1 2 23
8 10 10
1 13 29
13 10 29
3 1 48
12 5 92
2 8 75
12 14 92
7 5 24
8 3 58
6 4 46
1 13
3 7 6 1 10 2 4 8 14 12 9 13 5 11
6
5 61 52 72 67 59
2
6 1 47
3 6 66
0 6
1 3 5 2 6 4
8
59 68 6 72 72 30 39 32
26
8 6 77
7 5 85
8 5 20
8 2 72
5 4 64
5 8 23
8 7 34
2 7 6
1 7 97
6 3 36
2 1 11
3 5 56
3 4 68
7 1 71
6 5 21
2 3 85
1 5 77
7 3 58
2 4 7
4 2 91
2 5 3
7 2 82
3 6 0
7 6 89
2 8 99
4 6 83
1 4
8 4 5 1 7
5
39 56 72 64 11
19
3 4 46
3 2 95
5 2 18
4 2 38
1 2 47
5 3 56
4 1 19
1 4 65
4 3 89
5 4 25
2 3 26
3 5 29
4 5 1
2 1 57
1 3 21
3 1 71
5 1 60
2 4 17
2 5 6
0 3
5 3 2
18
82 24 10 43 7 26 28 95 88 88 51 49 3 8 12 71 68 4
47
5 11 85
10 14 52
7 10 7
10 6 69
6 17 79
8 12 5
13 18 45
10 3 95
14 2 7
18 3 63
4 11 0
11 6 52
18 15 63
6 2 18
4 9 1
1 13 41
13 12 87
4 12 34
17 13 41
16 13 56
18 5 56
10 11 61
8 7 24
13 7 94
14 13 95
11 1 94
8 13 6
12 15 68
9 11 5
1 9 37
9 6 23
12 13 38
12 2 88
18 12 42
18 7 33
11 12 95
1 17 77
3 10 20
18 16 92
2 16 33
13 6 59
9 16 27
11 7 32
6 7 9
7 6 68
12 3 5
18 1 46
6 7
4 16 2 3 18 15 7 13 6 12 17 1 9
12
47 43 96 29 70 94 44 69 79 45 12 5
54
1 9 38
1 3 3
7 6 46
6 5 69
10 3 61
3 5 55
6 12 50
11 8 73
12 2 42
8 1 21
12 9 59
7 12 80
9 11 96
10 4 26
7 2 30
6 8 73
9 1 64
6 3 49
4 2 65
3 6 86
9 6 73
5 4 69
5 8 96
4 6 94
4 7 94
6 11 67
12 8 34
9 5 57
3 7 75
9 8 79
5 1 52
8 2 58
12 1 54
3 10 0
2 11 30
1 10 53
5 3 84
5 11 44
5 2 92
11 2 63
11 5 11
6 2 16
3 2 46
4 8 20
4 5 14
5 9 88
2 9 69
12 7 93
2 12 56
3 1 25
6 9 67
8 3 13
4 10 85
12 11 5
1 6
1 8 7 6 2 11 5
9
96 85 18 63 79 42 28 41 25
45
4 5 3
5 1 6
7 5 63
8 6 70
1 7 67
3 9 46
9 1 44
9 2 14
6 3 56
4 1 33
5 3 89
6 7 89
4 2 16
8 1 33
9 7 19
7 6 75
1 9 61
7 3 57
3 4 16
2 8 36
8 4 9
6 9 81
2 5 48
5 2 78
4 8 17
4 6 41
9 3 6
7 1 30
2 3 94
8 5 26
5 8 40
6 8 45
8 3 93
9 5 84
5 7 29
9 4 25
8 7 75
7 2 22
1 8 14
3 6 36
2 4 90
6 1 84
4 7 19
6 2 58
2 6 20
1 2
5 7 6
8
91 38 99 48 35 73 50 5
53
7 2 2
8 4 73
3 5 41
5 6 77
8 5 25
6 4 23
2 3 56
5 2 55
8 7 28
2 1 22
5 3 37
2 4 12
7 1 4
2 7 20
1 7 96
5 1 34
1 5 20
1 4 8
3 4 82
7 6 71
8 1 83
6 2 88
5 8 85
6 1 87
6 7 84
6 3 62
1 3 60
4 3 22
8 3 91
7 8 78
6 8 25
4 8 34
4 1 31
7 5 61
1 2 64
3 8 3
3 7 30
2 8 11
4 6 49
8 2 27
1 6 18
7 3 97
2 6 69
3 1 49
3 6 86
7 4 13
3 2 94
6 5 89
4 7 50
4 2 41
4 5 56
2 5 7
8 6 93
1 2
3 2 8
7
29 4 45 14 18 81 92
42
6 4 88
2 3 12
1 5 69
3 5 29
6 1 74
1 3 56
7 2 70
4 2 31
3 7 28
2 1 93
2 5 62
7 1 2
4 6 21
6 2 85
1 4 84
1 6 26
2 6 98
1 2 54
1 7 96
6 5 47
4 1 73
5 7 23
5 2 28
4 7 37
3 1 21
5 1 86
6 7 59
4 3 46
2 4 97
7 6 31
7 4 38
5 4 35
7 3 54
2 7 52
5 3 40
7 5 79
3 6 63
6 3 90
5 6 37
4 5 76
3 4 81
3 2 14
1 2
3 7 1
14
6 42 93 56 31 28 32 81 0 33 53 29 57 56
40
7 12 67
13 1 90
7 14 90
10 12 64
4 5 76
14 7 83
13 7 39
12 9 14
5 6 82
3 4 24
7 1 66
2 11 82
5 13 58
4 6 41
1 12 32
7 4 55
12 14 64
6 10 29
9 11 69
10 9 99
8 7 78
4 3 39
3 1 96
6 9 47
3 9 43
5 7 8
2 7 97
11 5 88
5 14 96
13 12 45
3 11 12
5 1 46
3 7 94
12 1 51
4 10 57
10 6 89
14 6 48
2 3 45
9 8 20
10 5 88
12 2
7 2 6 10 14 12 8 13 3 9 1 11 4 5
16
75 18 36 14 88 91 47 58 31 87 25 42 30 33 22 97
1
11 3 0
3 2
12 6 8 2 10
12
58 44 4 86 62 40 0 2 83 99 12 15
10
6 7 9
12 1 31
2 6 49
5 3 90
6 2 80
10 4 8
10 3 12
9 1 5
3 5 40
11 12 4
1 2
1 4 8
10
70 76 92 83 77 24 7 57 61 15
21
1 8 71
8 6 99
3 8 85
10 3 1
9 8 1
4 10 52
6 8 75
3 2 84
1 5 31
9 5 79
7 4 8
1 4 93
2 6 47
6 1 31
10 6 28
6 3 55
1 10 81
4 1 23
3 7 2
9 1 63
1 6 8
2 2
1 3 6 7
6
63 73 75 18 50 31
9
5 4 5
6 4 99
6 5 71
2 6 71
1 3 63
3 4 6
3 2 42
4 3 15
2 1 65
3 2
4 5 2 3 6
4
24 97 79 47
11
3 2 11
2 1 69
2 3 11
4 3 73
2 4 83
4 2 39
1 2 36
1 4 74
3 1 26
3 4 49
1 3 24
1 3
3 1 2 4
21
78 89 39 27 59 79 52 74 44 2 2 86 71 60 96 21 16 26 42 45 43
0
9 11
20 8 2 13 3 21 16 11 1 6 12 9 7 4 18 17 14 15 5 10
20
16 33 61 16 9 14 41 79 13 10 56 53 33 4 26 30 4 19 74 2
15
13 3 37
3 20 77
20 10 55
9 14 40
17 7 49
18 1 28
1 14 36
14 8 40
16 6 44
11 18 98
15 20 88
7 11 30
16 8 41
1 15 21
19 15 17
3 13
16 20 8 4 13 12 10 1 9 7 3 6 15 18 11 17
15
28 47 36 87 79 88 32 51 69 92 19 95 46 38 32
46
11 10 60
8 2 8
9 4 30
8 10 18
9 5 22
15 2 70
4 1 1
6 1 52
5 15 23
14 5 75
12 15 96
5 8 51
2 8 52
8 15 14
1 8 85
1 5 44
15 1 54
1 10 49
15 14 76
11 6 24
7 5 27
8 12 80
14 3 7
13 9 92
2 15 73
9 1 40
13 15 60
15 11 30
5 3 36
10 6 38
14 1 44
2 3 88
4 8 37
5 12 64
15 9 20
5 2 86
2 7 74
15 6 11
4 2 9
7 13 31
6 2 36
3 11 92
4 10 32
8 3 91
2 14 47
4 15 0
10 2
10 7 5 3 11 1 9 2 6 12 8 4
4
6 55 53 90
6
1 3 0
2 4 19
3 4 88
4 2 42
4 3 36
2 1 74
0 3
4 1 3
10
22 35 33 41 30 7 29 81 77 17
25
6 1 90
1 2 21
5 6 20
8 3 61
3 9 65
3 1 25
5 4 38
10 8 23
2 10 82
8 2 92
8 7 94
1 9 89
1 4 73
4 1 83
1 3 26
2 7 20
9 5 41
10 3 24
7 4 69
9 4 7
2 5 69
6 4 33
4 10 99
4 3 55
7 2 35
2 4
1 9 8 3 6 5
2
63 95
1
2 1 25
0 2
1 2
17
63 65 94 18 26 81 5 98 11 2 40 18 73 31 94 85 87
35
4 10 2
7 16 35
12 16 13
5 1 77
1 4 40
17 15 10
6 15 16
16 13 18
17 13 43
2 6 84
13 7 38
2 5 74
13 3 39
9 12 68
3 1 69
12 17 87
11 3 57
1 6 1
6 11 34
12 4 45
7 6 12
1 11 73
12 7 5
6 2 70
5 17 64
15 12 83
13 17 20
1 10 54
4 5 51
15 1 50
8 1 56
13 2 55
10 3 77
14 11 93
12 13 77
1 3
8 2 12 3
4
7 56 39 26
7
4 2 76
2 1 1
1 3 8
4 3 86
2 4 4
3 1 2
1 2 96
0 2
4 1
5
25 86 6 17 82
2
3 1 68
2 5 91
2 3
3 1 2 4 5
21
92 14 59 8 46 89 33 32 47 3 67 55 73 44 23 4 27 66 21 2 71
54
2 18 79
11 4 6
11 15 32
6 17 47
4 8 45
18 14 77
6 7 44
3 17 40
2 14 67
14 13 69
8 21 83
12 19 99
18 6 93
11 12 98
4 13 92
19 7 38
2 13 86
14 6 61
4 16 30
8 17 69
20 14 69
14 18 62
3 8 13
4 18 5
20 3 43
21 13 82
21 4 44
17 16 48
3 19 65
17 7 26
8 4 86
4 3 77
9 18 50
5 13 50
5 20 55
16 7 12
17 4 11
11 8 71
7 4 14
13 14 22
16 10 14
17 3 26
11 6 2
2 12 14
21 16 88
4 21 57
5 3 45
12 4 60
13 20 23
5 17 95
15 9 93
7 11 59
14 21 23
3 1 38
3 5
20 16 2 21 4 5 1 6
20
93 87 40 40 40 6 33 12 56 73 11 68 68 12 43 95 79 33 33 83
49
7 14 47
6 7 57
5 14 75
5 10 20
1 17 9
7 16 73
12 4 36
8 9 86
20 1 15
13 3 3
18 1 47
4 8 68
1 16 80
8 17 26
18 11 46
10 15 47
8 2 27
20 14 94
6 20 56
9 12 28
17 9 67
17 4 95
9 4 31
16 11 93
5 2 40
6 8 39
6 9 18
2 13 68
2 4 49
10 5 25
6 12 73
9 7 1
12 11 8
5 4 65
12 16 62
12 15 39
5 13 63
10 17 16
5 18 98
4 20 32
17 5 90
10 6 80
11 9 64
16 13 91
10 16 6
10 19 90
5 15 39
9 17 79
9 3 90
0 9
18 1 16 6 4 15 9 17 20
14
93 49 97 94 91 91 58 30 27 39 86 87 70 60
40
10 2 77
5 1 62
9 6 69
13 3 5
11 7 89
12 8 82
11 5 76
13 8 32
5 13 70
5 14 31
14 2 60
2 14 23
10 5 44
8 5 49
2 9 38
13 2 72
9 4 0
1 12 87
13 12 65
13 4 13
12 1 71
11 6 96
13 9 82
1 9 23
14 10 34
10 11 6
10 8 26
5 11 36
8 4 44
7 13 65
12 6 27
4 3 61
2 11 20
13 6 54
9 14 13
11 12 72
13 7 70
11 9 85
8 3 13
4 2 2
1 3
2 5 6 14
15
67 32 42 43 45 33 41 17 28 65 39 34 77 24 36
6
8 2 96
3 12 41
4 6 69
15 1 26
2 5 52
11 9 84
0 5
11 9 7 12 10
20
50 0 65 39 39 54 87 0 57 29 67 72 50 97 27 77 33 30 81 42
49
18 1 44
19 6 80
9 12 96
18 3 99
19 3 81
6 17 33
7 6 0
18 19 50
15 18 83
16 8 25
5 20 70
3 17 2
11 8 99
8 10 98
2 12 88
10 6 13
16 11 20
6 12 29
3 14 63
2 17 30
13 15 14
9 17 48
16 19 78
17 10 97
19 8 15
8 5 81
15 16 53
12 19 82
20 18 86
14 8 90
2 14 58
13 2 65
9 2 41
7 2 8
3 13 30
5 4 73
2 10 93
1 8 18
6 19 20
19 9 52
10 15 65
10 16 6
16 9 15
14 7 56
8 1 34
18 20 53
8 11 51
15 10 9
20 12 17
9 9
13 19 6 1 12 14 3 11 17 4 5 10 18 2 9 16 8 15
12
93 55 95 67 69 85 95 44 28 99 53 72
49
11 1 53
2 8 53
3 9 8
2 4 25
1 10 11
4 9 30
3 7 26
12 10 63
1 12 8
1 8 55
8 9 44
5 10 95
12 11 84
8 1 53
11 10 35
5 8 13
4 5 77
7 5 72
10 1 81
5 1 26
1 3 21
11 6 94
12 7 52
7 6 0
3 4 11
7 9 25
4 1 52
2 1 85
8 5 69
6 5 92
7 2 52
2 5 47
5 6 99
9 10 84
10 3 48
7 8 35
3 10 40
10 6 45
3 11 3
6 8 25
9 12 96
8 4 86
2 9 7
3 1 90
10 11 43
10 2 40
4 3 54
3 6 21
2 6 59
0 3
10 7 8
7
1 62 97 45 44 39 68
38
5 7 29
6 3 28
3 4 2
2 7 36
5 2 49
7 2 46
1 5 4
3 6 53
1 6 92
7 1 26
7 6 52
1 2 11
7 4 0
2 5 48
1 7 30
5 6 7
6 4 37
2 4 91
3 7 49
4 2 97
3 2 80
7 5 99
4 3 92
2 6 4
2 3 1
1 4 54
5 4 13
4 5 99
6 2 59
3 1 8
1 3 15
5 3 80
7 3 76
6 7 35
3 5 32
6 5 51
4 1 4
4 6 78
1 5
1 4 6 3 5 2
12
83 67 57 43 35 22 36 1 87 90 81 61
45
4 10 86
10 5 98
4 6 57
4 9 36
6 10 6
6 12 46
9 4 65
12 5 28
3 2 18
4 3 27
8 7 64
6 11 0
2 6 97
9 3 96
3 8 87
1 5 75
1 8 28
11 2 62
11 6 24
7 11 72
3 4 1
5 9 28
7 8 16
10 12 4
5 4 15
7 9 95
9 6 71
6 9 5
12 7 78
9 8 98
3 11 42
10 6 75
12 3 43
8 6 53
5 1 54
9 7 16
8 5 74
7 12 34
10 2 24
4 1 67
1 6 94
1 4 16
8 4 61
1 3 11
6 1 44
0 10
7 4 5 11 9 12 3 8 1 6
20
29 11 86 93 39 71 37 21 23 97 24 95 44 0 66 90 63 38 37 3
19
8 16 9
15 18 62
13 3 30
19 4 60
6 15 53
9 14 42
4 7 91
11 3 35
9 4 78
8 19 67
3 2 75
12 4 1
14 6 33
17 16 64
3 16 81
8 1 69
15 3 85
17 6 47
12 2 76
3 15
12 3 4 19 18 6 9 7 14 13 17 5 10 20 11 16 1 15
15
94 59 89 29 44 73 0 46 21 19 91 50 90 95 1
14
11 4 88
7 15 71
7 2 82
14 7 36
15 13 19
11 6 31
6 2 5
12 13 26
10 14 77
2 1 78
12 4 18
12 1 41
11 5 55
15 4 36
3 2
13 12 4 9 5
12
64 8 28 93 78 39 23 4 48 41 84 8
24
7 12 1
3 5 8
1 6 5
8 11 20
8 12 10
4 9 74
3 1 93
10 11 68
10 3 62
2 7 45
8 6 5
3 8 97
12 1 19
11 1 50
12 4 62
12 2 34
2 4 32
2 5 87
4 7 77
10 8 58
7 3 42
2 3 91
6 3 54
6 2 13
3 2
9 1 7 2 12
6
69 10 67 59 33 45
20
1 5 3
6 2 97
5 2 88
5 4 92
5 6 86
4 5 71
2 6 70
6 3 36
4 1 5
1 3 33
2 5 9
4 2 47
6 1 51
1 4 18
6 5 95
2 1 97
4 6 74
3 6 6
2 4 10
3 1 58
0 5
1 2 3 6 5
18
65 87 61 13 18 68 47 41 42 42 85 75 36 44 14 50 54 12
29
10 15 43
12 5 90
10 16 47
15 10 53
16 17 14
10 17 34
5 2 76
3 8 3
3 12 17
1 18 29
17 15 39
8 1 29
6 17 54
2 10 74
16 18 33
6 1 61
1 3 87
16 3 14
4 3 10
2 15 49
8 14 31
6 10 59
15 13 93
3 14 92
18 14 26
16 12 87
9 18 0
6 2 66
9 2 77
2 2
15 9 10 16
11
76 48 14 73 28 6 0 24 84 52 65
14
6 4 73
6 7 58
8 5 92
7 2 56
5 11 51
5 10 11
8 3 39
4 7 64
9 5 65
3 1 69
4 3 34
2 10 71
9 2 15
2 3 22
1 5
5 10 9 3 4 6
13
36 27 93 42 61 58 21 12 82 9 46 97 55
39
5 12 29
9 5 74
6 7 40
10 12 73
13 2 56
9 3 9
10 9 55
1 3 65
11 12 71
10 8 26
3 8 7
10 13 66
6 5 12
9 2 65
12 3 24
12 1 71
11 10 71
11 7 35
3 6 46
8 4 51
9 6 91
5 6 9
6 12 91
1 7 10
12 7 89
5 2 30
3 10 18
5 3 64
1 8 67
9 1 10
8 12 35
10 4 75
3 7 21
11 5 36
2 12 75
6 10 72
10 1 41
1 5 38
3 12 78
6 6
10 1 5 12 6 11 9 4 13 2 7 8
